
 PRINT S    NODAL SOLUTION PER NODE
 
  ***** POST1 NODAL STRESS LISTING *****                                       
  PowerGraphics Is Currently Enabled                                           
 
  LOAD STEP=     1  SUBSTEP=     1                                             
   TIME=    1.0000      LOAD CASE=   0                                         
  SHELL NODAL RESULTS ARE AT TOP/BOTTOM FOR MATERIAL   1                       
 
  THE FOLLOWING X,Y,Z VALUES ARE IN GLOBAL COORDINATES                         
 
    NODE     SX           SY           SZ           SXY          SYZ          SXZ     
     108 -0.79200E-016 -4.7149      -13.562     -0.39859E-001 -1.0670     -0.64672     
     108 -0.51564      0.30117E-015 -13.162     -0.12754E-002  2.4580      -2.1902     
     108  0.54248      0.30117E-015 -11.010     -0.12754E-002  2.4580       3.7523     
     108 -0.79200E-016  4.7145      -10.619     -0.39859E-001 -3.6223     -0.64672     
     300  0.79200E-016  4.7149       13.562     -0.39859E-001 -1.0670      0.64672     
     300  0.51564     -0.30117E-015  13.162     -0.12754E-002  2.4580       2.1902     
     300 -0.54248     -0.30117E-015  11.010     -0.12754E-002  2.4580      -3.7523     
     300  0.79200E-016 -4.7145       10.619     -0.39859E-001 -3.6223      0.64672     
    2793  0.14564E-016 -4.1243      -11.869     -0.39507E-001 0.40430      0.11893     
    2793  0.14564E-016  4.1250      -9.2911     -0.39507E-001 -5.1984      0.11893     
    2795  0.29368E-017 -3.5349      -10.174     -0.39700E-001 0.18797      0.23981E-001
    2795  0.29368E-017  3.5364      -7.9648     -0.39700E-001 -5.0728      0.23981E-001
    2797  0.50988E-018 -2.9456      -8.4790     -0.39710E-001 0.12364      0.41635E-002
    2797  0.50988E-018  2.9475      -6.6380     -0.39710E-001 -5.0854      0.41635E-002
    2799  0.23110E-019 -2.3564      -6.7836     -0.39753E-001 0.95063E-001 0.18871E-003
    2799  0.23110E-019  2.3583      -5.3108     -0.39753E-001 -5.1197      0.18871E-003
    2801 -0.57536E-019 -1.7672      -5.0879     -0.39771E-001 0.77512E-001-0.46982E-003
    2801 -0.57536E-019  1.7688      -3.9833     -0.39771E-001 -5.1510     -0.46982E-003
    2803 -0.51382E-019 -1.1781      -3.3920     -0.39787E-001 0.65867E-001-0.41957E-003
    2803 -0.51382E-019  1.1793      -2.6557     -0.39787E-001 -5.1743     -0.41957E-003
    2805 -0.27594E-019-0.58906      -1.6960     -0.39795E-001 0.59022E-001-0.22532E-003
    2805 -0.27594E-019 0.58968      -1.3279     -0.39795E-001 -5.1885     -0.22532E-003
    2807 -0.14053E-025 0.22315E-006 0.72434E-006-0.39798E-001 0.56754E-001-0.11470E-009
    2807 -0.14054E-025-0.22813E-006 0.55386E-006-0.39798E-001 -5.1932     -0.11470E-009
    2809  0.27594E-019 0.58906       1.6960     -0.39795E-001 0.59022E-001 0.22532E-003
    2809  0.27594E-019-0.58968       1.3279     -0.39795E-001 -5.1885      0.22532E-003
    2811  0.51382E-019  1.1781       3.3920     -0.39787E-001 0.65867E-001 0.41957E-003
    2811  0.51382E-019 -1.1793       2.6557     -0.39787E-001 -5.1743      0.41957E-003
    2813  0.57536E-019  1.7672       5.0879     -0.39771E-001 0.77512E-001 0.46982E-003
    2813  0.57536E-019 -1.7688       3.9833     -0.39771E-001 -5.1510      0.46982E-003
    2815 -0.23110E-019  2.3564       6.7836     -0.39753E-001 0.95063E-001-0.18871E-003
    2815 -0.23110E-019 -2.3583       5.3108     -0.39753E-001 -5.1197     -0.18871E-003
    2817 -0.50988E-018  2.9456       8.4790     -0.39710E-001 0.12364     -0.41635E-002
    2817 -0.50988E-018 -2.9475       6.6380     -0.39710E-001 -5.0854     -0.41635E-002
    2819 -0.29368E-017  3.5349       10.174     -0.39700E-001 0.18797     -0.23981E-001
 
  ***** POST1 NODAL STRESS LISTING *****                                       
  PowerGraphics Is Currently Enabled                                           
 
  LOAD STEP=     1  SUBSTEP=     1                                             
   TIME=    1.0000      LOAD CASE=   0                                         
  SHELL NODAL RESULTS ARE AT TOP/BOTTOM FOR MATERIAL   1                       
 
  THE FOLLOWING X,Y,Z VALUES ARE IN GLOBAL COORDINATES                         
 
    NODE     SX           SY           SZ           SXY          SYZ          SXZ     
    2819 -0.29368E-017 -3.5364       7.9648     -0.39700E-001 -5.0728     -0.23981E-001
    2821 -0.14564E-016  4.1243       11.869     -0.39507E-001 0.40430     -0.11893     
    2821 -0.14564E-016 -4.1250       9.2911     -0.39507E-001 -5.1984     -0.11893     
    4141  0.50062E-002-0.30120E-015 -8.6114     -0.13424E-002 -2.4608      -2.9722     
    4141 -0.51728E-002-0.30120E-015 -6.1025     -0.13424E-002 -2.4608       2.9716     
    5377 -0.54099E-001 0.50893E-016 -9.1854     -0.37969E-002 0.41177      -8.3346     
    5377  0.54999E-001 0.50893E-016 -6.7062     -0.37969E-002 0.41177       8.5048     
    5379 -0.12281      0.60700E-017 -9.7506     -0.34766E-002 0.46089E-001 -7.5500     
    5379  0.12653      0.60700E-017 -7.3222     -0.34766E-002 0.46089E-001  7.8980     
    5381 -0.18981      0.93783E-018 -10.318     -0.34336E-002 0.42243E-002 -7.3772     
    5381  0.19754      0.93783E-018 -7.9384     -0.34336E-002 0.42243E-002  7.9100     
    5383 -0.25631      0.28072E-018 -10.886     -0.34226E-002-0.11304E-002 -7.2728     
    5383  0.26871      0.28072E-018 -8.5552     -0.34226E-002-0.11304E-002  7.9973     
    5385 -0.32269     -0.37535E-018 -11.454     -0.34185E-002-0.64834E-002 -7.1815     
    5385  0.33987     -0.37535E-018 -9.1721     -0.34185E-002-0.64834E-002  8.1049     
    5387 -0.38933     -0.54974E-017 -12.022     -0.34465E-002-0.48336E-001 -7.1585     
    5387  0.41087     -0.54974E-017 -9.7887     -0.34465E-002-0.48336E-001  8.2878     
    5389 -0.45743     -0.50233E-016 -12.588     -0.37524E-002-0.41393      -7.7471     
    5389  0.48237     -0.50233E-016 -10.406     -0.37524E-002-0.41393       9.0893     
    6092 -0.50062E-002 0.30120E-015  8.6114     -0.13424E-002 -2.4608       2.9722     
    6092  0.51728E-002 0.30120E-015  6.1025     -0.13424E-002 -2.4608      -2.9716     
    7313  0.45743      0.50233E-016  12.588     -0.37524E-002-0.41393       7.7471     
    7313 -0.48237      0.50233E-016  10.406     -0.37524E-002-0.41393      -9.0893     
    7315  0.38933      0.54974E-017  12.022     -0.34465E-002-0.48336E-001  7.1585     
    7315 -0.41087      0.54974E-017  9.7887     -0.34465E-002-0.48336E-001 -8.2878     
    7317  0.32269      0.37535E-018  11.454     -0.34185E-002-0.64834E-002  7.1815     
    7317 -0.33987      0.37535E-018  9.1721     -0.34185E-002-0.64834E-002 -8.1049     
    7319  0.25631     -0.28072E-018  10.886     -0.34226E-002-0.11304E-002  7.2728     
    7319 -0.26871     -0.28072E-018  8.5552     -0.34226E-002-0.11304E-002 -7.9973     
    7321  0.18981     -0.93783E-018  10.318     -0.34336E-002 0.42243E-002  7.3772     
    7321 -0.19754     -0.93783E-018  7.9384     -0.34336E-002 0.42243E-002 -7.9100     
    7323  0.12281     -0.60700E-017  9.7506     -0.34766E-002 0.46089E-001  7.5500     
    7323 -0.12653     -0.60700E-017  7.3222     -0.34766E-002 0.46089E-001 -7.8980     
    7325  0.54099E-001-0.50893E-016  9.1854     -0.37969E-002 0.41177       8.3346     
    7325 -0.54999E-001-0.50893E-016  6.7062     -0.37969E-002 0.41177      -8.5048     
 
  ***** POST1 NODAL STRESS LISTING *****                                       
  PowerGraphics Is Currently Enabled                                           
 
  LOAD STEP=     1  SUBSTEP=     1                                             
   TIME=    1.0000      LOAD CASE=   0                                         
  SHELL NODAL RESULTS ARE AT TOP/BOTTOM FOR MATERIAL   1                       
 
  THE FOLLOWING X,Y,Z VALUES ARE IN GLOBAL COORDINATES                         
 
    NODE     SX           SY           SZ           SXY          SYZ          SXZ     

 MINIMUM VALUES
 NODE        300          108          108          108         2793         7313
 VALUE  -0.54248      -4.7149      -13.562     -0.39859E-001 -5.1984      -9.0893     

 MAXIMUM VALUES
 NODE        108          300          300          108          108         5389
 VALUE   0.54248       4.7149       13.562     -0.12754E-002  2.4580       9.0893     